XL,20151030,38.25,38.349998,38.080002,38.080002,1933600
XL,20151029,38.48,38.630001,38.150002,38.32,1812100
XL,20151028,38.259998,38.560001,37.939999,38.490002,2156100
XL,20151027,37.52,38.439999,37.349998,38.119999,4288400
XL,20151026,38.91,39.080002,38.68,38.720001,2329000
XL,20151023,39.060001,39.110001,38.599998,38.889999,1941900
XL,20151022,38.389999,39.040001,38.279999,38.900002,2317100
XL,20151021,38.209999,38.68,38.099998,38.18,2192100
XL,20151020,37.360001,38.139999,37.360001,38.110001,2329200
XL,20151019,36.73,37.360001,36.490002,37.32,2681800
XL,20151016,36.630001,36.91,36.549999,36.810001,1951800
XL,20151015,36.16,36.560001,36.02,36.560001,2096000
XL,20151014,36.66,36.73,36.040001,36.09,2168200
XL,20151013,37.040001,37.119999,36.66,36.709999,1638000
XL,20151012,36.830002,37.169998,36.790001,37.139999,1213700
XL,20151009,37.00,37.290001,36.919998,36.990002,1421300
XL,20151008,36.610001,37.189999,36.200001,37.07,2206700
XL,20151007,36.240002,36.779999,36.099998,36.610001,4121600
XL,20151006,36.23,36.34,35.57,36.060001,4373600
XL,20151005,36.509998,36.630001,35.919998,36.330002,4352200
XL,20151002,35.529999,36.299999,35.380001,36.290001,1873800
XL,20151001,36.380001,36.380001,34.439999,36.00,2737200
XL,20150930,36.740002,36.740002,36.07,36.32,2284800
XL,20150929,36.099998,36.290001,35.799999,36.240002,2648100
XL,20150928,36.59,36.66,35.93,36.009998,2447200
XL,20150925,36.540001,37.110001,35.939999,36.73,2939200
XL,20150924,36.509998,36.759998,36.470001,36.540001,2916900
XL,20150923,36.790001,37.110001,36.639999,36.849998,1895300
XL,20150922,37.009998,37.25,36.66,36.810001,3662200
XL,20150921,37.25,37.66,37.200001,37.41,2516900
XL,20150918,36.84,37.509998,36.700001,37.130001,3629800
XL,20150917,37.889999,38.360001,37.650002,37.73,2677900
XL,20150916,37.52,37.919998,37.459999,37.77,1979400
XL,20150915,37.099998,37.630001,37.00,37.57,1678400
XL,20150914,36.900002,37.240002,36.799999,37.02,1836100
XL,20150911,36.549999,37.119999,36.34,36.990002,2298500
XL,20150910,36.75,37.220001,36.52,36.610001,2468600
XL,20150909,37.610001,37.610001,36.759998,36.619945,1596100
XL,20150908,37.259998,37.259998,36.82,36.977989,1950200
XL,20150904,36.509998,36.970001,36.259998,36.351411,3747700
XL,20150903,37.330002,37.610001,37.00,37.097336,2796900
XL,20150902,36.880001,37.169998,36.529999,36.888478,3179900
XL,20150901,36.41,36.759998,36.150002,36.10277,3837600
XL,20150831,36.419998,37.540001,36.419998,37.087392,3210400
XL,20150828,38.009998,38.02,37.439999,37.455381,2327800
XL,20150827,38.049999,38.259998,37.139999,37.972556,3835200
XL,20150826,38.290001,38.290001,36.59,37.007825,3926900
XL,20150825,37.970001,37.970001,36.459999,36.440923,4017100
XL,20150824,35.240002,37.619999,25.559999,36.590109,4215300
XL,20150821,38.639999,38.919998,38.16,37.952664,2789600
XL,20150820,39.400002,39.48,39.09,38.887556,1624400
XL,20150819,40.110001,40.139999,39.560001,39.50419,2263900
XL,20150818,40.299999,40.360001,40.150002,40.061145,1222000
XL,20150817,40.07,40.41,39.91,40.110876,1945500
XL,20150814,39.709999,40.189999,39.57,39.961689,1137100
XL,20150813,39.970001,40.290001,39.310001,39.494242,2106400
XL,20150812,39.48,39.610001,39.189999,39.394787,2723300
XL,20150811,39.560001,39.759998,39.290001,39.484298,3044900
XL,20150810,39.00,39.34,38.990002,39.116309,2262000
XL,20150807,38.759998,39.240002,38.669998,38.758265,2869300
XL,20150806,38.889999,39.099998,38.580002,38.638914,2929900
XL,20150805,38.810001,39.040001,38.73,38.648862,2789700
XL,20150804,38.990002,39.560001,38.639999,38.459892,4634700
XL,20150803,38.189999,38.240002,37.77,37.9825,3880500
XL,20150731,38.470001,38.66,38.009998,37.813426,2647500
XL,20150730,37.959999,38.50,37.91,38.191362,2905200
XL,20150729,37.490002,38.040001,37.400002,37.75375,3350600
XL,20150728,37.669998,38.25,37.669998,37.664239,2138000
XL,20150727,37.560001,38.029999,37.529999,37.674187,3369200
XL,20150724,37.799999,37.959999,37.59,37.574728,1863000
XL,20150723,37.66,37.880001,37.66,37.564784,2051600
XL,20150722,37.560001,38.009998,37.549999,37.584676,2119800
XL,20150721,37.959999,38.09,37.639999,37.554836,1726300
XL,20150720,38.07,38.200001,37.830002,37.733858,1460700
XL,20150717,38.099998,38.240002,37.950001,37.853209,1932000
XL,20150716,38.389999,38.57,38.139999,38.032231,1384900
XL,20150715,38.279999,38.450001,38.189999,38.091903,1664600
XL,20150714,38.009998,38.41,38.009998,38.17147,2228500
XL,20150713,38.080002,38.369999,37.990002,37.932773,2485400
XL,20150710,37.740002,38.290001,37.650002,37.75375,1893800
XL,20150709,37.889999,38.360001,37.130001,37.176904,3933600
XL,20150708,37.880001,37.880001,37.279999,37.157012,2586800
XL,20150707,37.669998,37.889999,37.400002,37.644347,2602300
XL,20150706,37.43,37.900002,37.380001,37.495165,2654300
XL,20150702,38.209999,38.23,37.66,37.544892,2879600
XL,20150701,38.259998,38.470001,37.799999,37.763698,4741800
XL,20150630,37.43,37.529999,37.040001,36.997881,2586200
XL,20150629,36.869999,37.540001,36.869999,36.858642,2834300
XL,20150626,37.77,37.830002,37.549999,37.475273,3162100
XL,20150625,37.970001,38.029999,37.549999,37.385762,2965700
XL,20150624,38.27,38.349998,37.810001,37.674187,2180800
XL,20150623,38.130001,38.580002,38.130001,38.042175,3252100
XL,20150622,38.549999,38.779999,38.369999,38.300761,1787300
XL,20150619,38.439999,38.709999,38.310001,38.141631,6785400
XL,20150618,38.099998,38.639999,38.099998,38.360437,2689700
XL,20150617,37.900002,38.119999,37.810001,37.75375,2481500
XL,20150616,37.41,37.889999,37.32,37.664239,1878100
XL,20150615,37.34,37.599998,37.27,37.157012,2119900
XL,20150612,37.599998,37.75,37.529999,37.36587,2244400
XL,20150611,37.650002,38.119999,37.639999,37.634403,2643600
XL,20150610,37.060001,37.740002,37.049999,37.306196,2912600
XL,20150609,36.759998,37.040001,36.73,36.53373,3009500
XL,20150608,37.110001,37.360001,36.779999,36.444599,3337100
XL,20150605,37.490002,37.650002,36.98,36.682283,2009700
XL,20150604,37.310001,37.75,37.299999,36.969483,1973400
XL,20150603,37.509998,37.779999,37.369999,37.326003,2515700
XL,20150602,37.540001,37.540001,37.279999,37.028901,2072900
XL,20150601,37.790001,37.900002,37.48,37.256679,2442500
XL,20150529,37.57,38.02,37.549999,37.316101,6861200
XL,20150528,37.73,37.869999,37.43,37.256679,3080500
XL,20150527,38.02,38.02,37.720001,37.434941,2891200
XL,20150526,37.639999,37.970001,37.610001,37.533978,3166100
XL,20150522,37.439999,37.889999,37.419998,37.395327,2723400
XL,20150521,37.650002,37.720001,37.380001,37.078417,2123000
XL,20150520,37.630001,37.889999,37.580002,37.405232,2654500
XL,20150519,37.59,37.700001,37.41,37.256679,3112300
XL,20150518,37.369999,37.66,37.060001,37.197261,2686700
XL,20150515,37.34,37.529999,37.23,37.068516,2276800
XL,20150514,37.040001,37.299999,37.02,36.919963,2378500
XL,20150513,36.82,37.009998,36.759998,36.563439,3489600
XL,20150512,36.75,36.889999,36.330002,36.484213,4618000
XL,20150511,36.939999,37.00,36.709999,36.434697,3092800
XL,20150508,36.939999,37.119999,36.75,36.622861,2586000
XL,20150507,36.650002,36.830002,36.459999,36.345566,3006200
XL,20150506,36.869999,36.91,36.349998,36.21682,4031700
XL,20150505,37.130001,37.200001,36.799999,36.484213,2536200
XL,20150504,37.060001,37.27,36.91,36.890254,3162000
XL,20150501,37.189999,37.349998,36.869999,36.632766,3010800
XL,20150430,37.52,37.580002,36.529999,36.721897,5840400
XL,20150429,37.310001,37.48,36.790001,36.65257,4125200
XL,20150428,37.759998,38.209999,37.41,37.048708,15583000
XL,20150427,37.889999,38.119999,37.799999,37.444847,4712700
XL,20150424,37.91,37.959999,37.619999,37.425039,2596200
XL,20150423,36.900002,37.790001,36.900002,37.355716,4363900
XL,20150422,36.950001,37.299999,36.830002,36.751606,4427300
XL,20150421,37.43,37.509998,37.02,36.919963,2474800
XL,20150420,37.209999,37.66,37.209999,37.177454,1805900
XL,20150417,37.549999,37.57,37.189999,36.93977,1723600
XL,20150416,37.810001,37.990002,37.779999,37.444847,1535000
XL,20150415,38.029999,38.259998,37.990002,37.63301,1815300
XL,20150414,37.82,38.060001,37.740002,37.662719,1965700
XL,20150413,37.73,38.060001,37.68,37.603301,1509000
XL,20150410,37.700001,37.91,37.700001,37.494363,1298000
XL,20150409,37.84,38.07,37.759998,37.553781,2826800
XL,20150408,37.439999,37.919998,37.43,37.306196,2333100
XL,20150407,37.580002,37.759998,37.330002,36.979385,2290400
XL,20150406,36.91,37.349998,36.860001,36.93977,1014400
XL,20150402,36.919998,37.099998,36.82,36.721897,1658200
XL,20150401,36.970001,37.080002,36.66,36.53373,1874300
XL,20150331,37.009998,37.119999,36.799999,36.444599,2915600
XL,20150330,36.959999,37.450001,36.959999,36.969483,1555800
XL,20150327,36.77,36.970001,36.650002,36.553537,2308400
XL,20150326,36.860001,36.970001,36.830002,36.474312,2562500
XL,20150325,37.23,37.259998,36.950001,36.642668,3370100
XL,20150324,36.98,37.220001,36.959999,36.840737,2430800
XL,20150323,37.110001,37.220001,36.970001,36.721897,1438300
XL,20150320,36.759998,37.060001,36.630001,36.662475,2770400
XL,20150319,36.970001,37.040001,36.599998,36.29605,2076200
XL,20150318,36.810001,37.02,36.580002,36.573344,3655600
XL,20150317,36.549999,36.939999,36.43,36.474312,1796500
XL,20150316,36.330002,36.849998,36.32,36.424791,1942600
XL,20150313,36.060001,36.23,35.900002,35.840489,2044400
XL,20150312,35.830002,36.23,35.82,35.850395,1996700
XL,20150311,35.450001,35.75,35.380001,35.246285,2594600
XL,20150310,35.970001,36.029999,35.650002,35.167055,4209000
XL,20150309,36.540001,36.639999,36.349998,35.916341,2717000
XL,20150306,36.549999,36.849998,36.43,36.143098,5180800
XL,20150305,36.669998,36.740002,36.459999,36.192392,3422000
XL,20150304,36.110001,36.669998,36.080002,36.13324,6591800
XL,20150303,36.16,36.52,36.049999,35.709303,3150900
XL,20150302,36.200001,36.560001,36.049999,36.024791,3893300
XL,20150227,35.799999,36.299999,35.790001,35.689585,4177700
XL,20150226,35.509998,36.02,35.470001,35.383954,2271500
XL,20150225,35.599998,35.799999,35.599998,35.157198,2657900
XL,20150224,35.25,35.759998,35.23,35.186773,1975600
XL,20150223,35.279999,35.310001,35.09,34.743121,2455600
XL,20150220,35.189999,35.41,34.810001,34.851567,2726300
XL,20150219,35.419998,35.529999,35.130001,34.782554,2928400
XL,20150218,35.68,35.68,35.299999,35.048748,2069700
XL,20150217,35.860001,35.860001,35.57,35.176916,2239100
XL,20150213,35.740002,35.849998,35.52,35.236071,1242200
XL,20150212,35.720001,35.84,35.470001,35.305084,2170300
XL,20150211,35.470001,35.860001,35.439999,35.216353,1748700
XL,20150210,35.68,35.799999,35.419998,35.245929,1902000
XL,20150209,35.740002,35.77,35.299999,35.196634,1547100
XL,20150206,36.119999,36.18,35.700001,35.295223,2533200
XL,20150205,35.66,36.029999,35.549999,35.502261,2102900
XL,20150204,34.950001,35.700001,34.939999,35.107903,3215900
XL,20150203,35.650002,35.91,34.779999,34.644529,3604600
XL,20150202,34.57,35.209999,34.209999,34.713542,3067100
XL,20150130,34.639999,34.950001,34.400002,34.003696,3193200
XL,20150129,34.990002,35.119999,34.59,34.516361,2120200
XL,20150128,35.759998,35.790001,34.959999,34.486785,2922000
XL,20150127,35.459999,35.799999,35.349998,35.167055,1736200
XL,20150126,35.439999,35.66,35.290001,35.137479,1055500
XL,20150123,35.790001,35.82,35.419998,34.930441,1156900
XL,20150122,35.09,35.860001,34.880001,35.295223,1933000
XL,20150121,34.959999,35.049999,34.669998,34.368478,1787700
XL,20150120,35.50,35.650002,34.779999,34.457209,2680900
XL,20150116,35.07,35.549999,34.919998,35.029029,2264000
XL,20150115,35.16,35.27,34.84,34.555798,2376400
XL,20150114,35.25,35.349998,34.77,34.762836,3148300
XL,20150113,35.740002,36.09,35.290001,35.078328,7302800
XL,20150112,35.709999,35.77,35.209999,35.038891,4607700
XL,20150109,35.200001,36.34,35.16,35.374097,12906800
XL,20150108,35.119999,35.610001,35.119999,34.92058,2944900
XL,20150107,34.810001,35.07,34.57,34.358617,3841100
XL,20150106,34.650002,35.02,34.529999,34.338902,6466000
XL,20150105,34.240002,34.720001,33.98,34.171297,4405600
XL,20150102,34.50,34.68,34.099998,33.964259,1943900
XL,20141231,34.740002,34.860001,34.360001,33.885386,1448900
XL,20141230,34.529999,34.810001,34.389999,34.260029,1719800
XL,20141229,34.209999,34.669998,34.209999,34.013554,1348900
XL,20141226,34.310001,34.439999,34.240002,33.757221,1133000
XL,20141224,34.389999,34.50,34.150002,33.776936,803600
XL,20141223,34.029999,34.529999,33.970001,33.885386,2235800
XL,20141222,33.790001,34.049999,33.50,33.510746,3703000
XL,20141219,33.419998,33.700001,33.32,33.06709,6125400
XL,20141218,33.240002,33.759998,33.00,32.692447,7649900
XL,20141217,33.869999,33.970001,32.880001,33.185397,9582400
XL,20141216,34.580002,35.599998,34.529999,34.516361,2646400
XL,20141215,34.880001,35.150002,34.450001,34.210734,1781600
XL,20141212,35.09,35.349998,34.720001,34.24031,1635200
XL,20141211,35.369999,35.84,35.189999,34.782554,2226700
XL,20141210,35.810001,35.98,35.400002,34.772696,1404800
XL,20141209,36.00,36.080002,35.619999,35.292863,1463400
XL,20141208,35.740002,36.349998,35.740002,35.626555,1427800
XL,20141205,35.84,36.080002,35.700001,35.096572,1393300
XL,20141204,35.68,35.869999,35.619999,35.106389,1300000
XL,20141203,35.439999,35.73,35.400002,35.018058,1477400
XL,20141202,35.349998,35.52,35.32,34.733438,1828300
XL,20141201,35.43,35.580002,35.279999,34.713808,1723300
XL,20141128,35.689999,35.84,35.450001,34.861027,840500
XL,20141126,35.619999,35.619999,35.380001,34.919915,1012200
XL,20141125,35.580002,35.630001,35.360001,34.87084,1057500
XL,20141124,35.48,35.59,35.32,34.900286,1400500
XL,20141121,35.380001,35.459999,35.290001,34.753067,1745300
XL,20141120,34.849998,35.139999,34.790001,34.488076,1245300
XL,20141119,34.759998,35.00,34.720001,34.311415,1768300
XL,20141118,34.66,34.950001,34.639999,34.183829,1425400
XL,20141117,34.450001,34.720001,34.41,34.026794,1549000
XL,20141114,34.599998,34.75,34.48,33.918838,1410000
XL,20141113,34.700001,34.740002,34.419998,33.977722,1480400
XL,20141112,34.419998,34.669998,34.400002,33.997352,1718300
XL,20141111,34.57,34.639999,34.470001,33.889392,1187300
XL,20141110,34.360001,34.540001,34.27,33.830507,1326500
XL,20141107,34.25,34.389999,34.220001,33.722548,1174300
XL,20141106,34.400002,34.490002,34.200001,33.702918,1269600
XL,20141105,34.119999,34.450001,33.48,33.761806,1705400
XL,20141104,33.900002,34.150002,33.810001,33.506628,1905400
XL,20141103,33.82,33.950001,33.709999,33.231824,1491300
XL,20141031,34.040001,34.049999,33.810001,33.251453,2348000
XL,20141030,33.34,33.830002,33.290001,33.015904,2643400
XL,20141029,33.43,33.560001,33.200001,32.780359,2005900
XL,20141028,33.560001,33.77,33.220001,32.819614,3729400
XL,20141027,32.75,33.18,32.509998,32.505551,4251300
XL,20141024,32.470001,32.970001,32.419998,32.142416,3372400
XL,20141023,32.84,32.889999,32.41,31.877425,2254200
XL,20141022,32.700001,32.860001,32.599998,32.005014,3882200
XL,20141021,32.52,32.73,32.43,32.014827,4768300
XL,20141020,32.16,32.48,32.099998,31.838166,1179000
XL,20141017,32.330002,32.400002,32.029999,31.641879,1893100
XL,20141016,31.34,32.23,31.33,31.51429,3275200
XL,20141015,31.790001,31.879999,30.83,31.239484,5631700
XL,20141014,32.139999,32.509998,32.099998,31.60262,2030200
XL,20141013,32.360001,32.599998,31.99,31.40633,1767900
XL,20141010,32.599998,32.93,32.439999,31.847982,1741900
XL,20141009,33.330002,33.330002,32.490002,31.946126,2230200
XL,20141008,32.91,33.209999,32.799999,32.584068,3574200
XL,20141007,33.150002,33.330002,32.860001,32.260189,2030900
XL,20141006,33.490002,33.560001,33.23,32.711658,1898400
XL,20141003,33.360001,33.639999,33.32,32.976645,2478000
XL,20141002,33.099998,33.369999,32.91,32.593881,1707400
XL,20141001,33.169998,33.369999,33.02,32.544809,2636400
XL,20140930,33.23,33.330002,33.099998,32.554622,1259700
XL,20140929,33.220001,33.349998,33.139999,32.623327,1686000
XL,20140926,33.349998,33.59,33.200001,32.780359,1612300
XL,20140925,33.639999,33.73,33.310001,32.692028,1828400
XL,20140924,33.240002,33.830002,33.220001,33.153306,1266100
XL,20140923,33.68,33.709999,33.27,32.652769,1327300
XL,20140922,34.00,34.080002,33.759998,33.143493,1332000
XL,20140919,34.16,34.209999,33.919998,33.408485,2073300
XL,20140918,33.759998,34.080002,33.75,33.408485,1533200
XL,20140917,33.59,33.759998,33.509998,32.927573,1366500
XL,20140916,33.52,33.849998,33.470001,32.966832,1303200
XL,20140915,33.419998,33.75,33.34,32.917761,1364200
XL,20140912,33.580002,33.66,33.34,32.809801,1614600
XL,20140911,33.599998,33.77,33.459999,33.074792,917400
XL,20140910,33.740002,33.900002,33.619999,32.996275,1069000
XL,20140909,33.849998,33.869999,33.57,32.9279,1099900
XL,20140908,34.060001,34.099998,33.740002,33.18187,1074900
XL,20140905,33.91,34.169998,33.830002,33.260012,1316100
XL,20140904,34.169998,34.349998,33.93,33.18187,1091000
XL,20140903,34.400002,34.580002,34.060001,33.308851,1057900
XL,20140902,34.330002,34.439999,34.16,33.406533,1336100
XL,20140829,34.080002,34.290001,34.040001,33.386997,848100
XL,20140828,34.00,34.27,33.950001,33.279548,772900
XL,20140827,33.880001,34.200001,33.880001,33.36746,1216100
XL,20140826,33.91,34.119999,33.900002,33.162333,731600
XL,20140825,33.77,34.00,33.650002,33.142797,985100
XL,20140822,33.700001,33.82,33.59,32.849758,927800
XL,20140821,33.509998,33.84,33.400002,32.957206,1070600
XL,20140820,33.34,33.549999,33.290001,32.625094,1067500
XL,20140819,33.200001,33.459999,33.200001,32.566485,1022500
XL,20140818,33.18,33.360001,33.16,32.478573,1372300
XL,20140815,32.98,33.18,32.599998,32.1953,4772800
XL,20140814,32.290001,32.889999,32.259998,32.058549,2255200
XL,20140813,32.400002,32.400002,32.18,31.492008,4307500
XL,20140812,32.110001,32.34,32.110001,31.492008,3008700
XL,20140811,32.299999,32.299999,32.09,31.394325,2298100
XL,20140808,32.029999,32.27,31.83,31.423628,1575400
XL,20140807,32.279999,32.34,31.940001,31.247806,1487900
XL,20140806,32.099998,32.240002,32.049999,31.374789,1765800
XL,20140805,32.34,32.349998,32.040001,31.394325,1977200
XL,20140804,32.439999,32.52,32.060001,31.618989,3482000
XL,20140801,32.080002,32.650002,32.060001,31.76551,2604000
XL,20140731,32.610001,32.880001,32.200001,31.492008,2644300
XL,20140730,33.66,33.66,32.869999,32.126925,2656300
XL,20140729,35.16,35.52,33.48,32.722773,4843700
XL,20140728,33.009998,33.220001,32.869999,32.24414,2362200
XL,20140725,33.380001,33.43,33.040001,32.283212,2150200
XL,20140724,33.75,33.759998,33.490002,32.791149,1816400
XL,20140723,33.459999,33.779999,33.459999,32.957206,1017900
XL,20140722,33.52,33.59,33.369999,32.752076,1501300
XL,20140721,33.740002,33.75,33.439999,32.752076,2028500
XL,20140718,33.849998,33.889999,33.630001,32.957206,1484600
XL,20140717,34.049999,34.310001,33.740002,33.035348,2799700
XL,20140716,34.23,34.32,34.119999,33.406533,1353700
XL,20140715,34.040001,34.380001,34.02,33.36746,1521300
XL,20140714,34.029999,34.23,33.970001,33.211172,1489400
XL,20140711,33.299999,33.900002,33.259998,33.054885,2107100
XL,20140710,33.150002,33.369999,32.889999,32.546949,2147000
XL,20140709,33.029999,33.389999,33.029999,32.615324,1506800
XL,20140708,33.150002,33.189999,32.889999,32.25391,2301300
XL,20140707,33.029999,33.330002,32.98,32.478573,1453900
XL,20140703,32.970001,33.23,32.970001,32.390661,662800
XL,20140702,33.040001,33.169998,32.880001,32.126925,1423000
XL,20140701,32.919998,33.200001,32.919998,32.283212,1023000
XL,20140630,32.57,32.77,32.450001,31.970637,1199700
XL,20140627,32.50,32.669998,32.450001,31.804583,1309300
XL,20140626,32.650002,32.700001,32.27,31.785047,798700
XL,20140625,32.619999,32.860001,32.549999,31.921798,902900
XL,20140624,32.740002,32.98,32.689999,31.980407,887300
XL,20140623,32.790001,33.07,32.759998,32.087852,877000
XL,20140620,32.950001,33.060001,32.77,32.039013,2079300
XL,20140619,32.75,32.889999,32.650002,32.117158,1234900
XL,20140618,32.669998,32.799999,32.509998,32.019476,1118600
XL,20140617,32.549999,32.709999,32.50,31.931564,1531900
XL,20140616,32.709999,32.759998,32.509998,31.853422,1633600
XL,20140613,32.75,32.869999,32.599998,32.048783,1072800
XL,20140612,32.790001,32.939999,32.610001,31.902261,1698800
XL,20140611,32.990002,33.009998,32.709999,32.00971,1225200
XL,20140610,33.029999,33.259998,32.950001,32.234374,858900
XL,20140609,33.220001,33.41,33.110001,32.214932,1374500
XL,20140606,33.110001,33.380001,33.110001,32.341304,1317400
XL,20140605,33.119999,33.259998,32.919998,32.146886,1653900
XL,20140604,32.860001,33.18,32.700001,32.234374,2922600
XL,20140603,32.400002,32.41,32.25,31.476148,821700
XL,20140602,32.610001,32.650002,32.34,31.583078,972800
XL,20140530,32.330002,32.540001,32.310001,31.553913,1342000
XL,20140529,32.369999,32.50,32.27,31.456706,1220600
XL,20140528,32.450001,32.509998,32.290001,31.437264,1248200
XL,20140527,32.59,32.630001,32.439999,31.544194,1099300
XL,20140523,32.34,32.639999,32.34,31.563636,1009000
XL,20140522,32.349998,32.57,32.299999,31.544194,1092900
XL,20140521,32.360001,32.48,32.220001,31.446983,965900
XL,20140520,32.169998,32.360001,32.150002,31.369218,1841800
XL,20140519,32.040001,32.259998,31.959999,31.330334,2135900
XL,20140516,31.98,32.130001,31.75,31.184523,1905700
XL,20140515,32.07,32.07,31.74,31.06787,2789500
XL,20140514,32.560001,32.560001,32.130001,31.330334,1735000
XL,20140513,32.369999,32.619999,32.349998,31.660843,2095200
XL,20140512,32.139999,32.48,32.139999,31.456706,2052100
XL,20140509,32.130001,32.200001,31.809999,31.145639,1439500
XL,20140508,32.009998,32.360001,31.969999,31.233127,1777200
XL,20140507,31.860001,32.259998,31.860001,31.087312,2642600
XL,20140506,31.799999,31.889999,31.639999,30.922057,2283000
XL,20140505,31.74,32.119999,31.629999,31.04843,2119800
XL,20140502,31.559999,32.450001,31.559999,30.9415,2491000
XL,20140501,31.43,31.799999,31.370001,30.863733,1856000
XL,20140430,31.50,31.549999,31.16,30.474899,2051200
XL,20140429,31.440001,31.639999,31.43,30.679036,1014400
XL,20140428,31.99,31.99,31.120001,30.494341,1819300
XL,20140425,31.51,31.620001,31.299999,30.513781,848500
XL,20140424,31.57,31.610001,31.379999,30.669315,811100
XL,20140423,30.690001,31.540001,30.690001,30.572108,1264800
XL,20140422,31.16,31.309999,31.07,30.309644,1192300
XL,20140421,31.18,31.23,31.049999,30.280481,661100
XL,20140417,31.18,31.309999,31.040001,30.358248,1355400
XL,20140416,31.52,31.540001,31.049999,30.319365,2563200
XL,20140415,31.209999,31.41,31.00,30.455457,2234300
XL,20140414,31.26,31.299999,30.809999,30.192993,1492800
XL,20140411,31.219999,31.219999,30.540001,30.086065,2640800
XL,20140410,31.18,31.209999,30.67,29.81388,1728900
XL,20140409,31.129999,31.209999,30.959999,30.261039,2250100
XL,20140408,30.85,31.110001,30.709999,30.134668,2706900
XL,20140407,31.15,31.299999,30.85,30.018017,2468700
XL,20140404,31.610001,31.809999,31.200001,30.338805,2070700
XL,20140403,31.16,31.43,31.049999,30.533223,1363100
XL,20140402,30.950001,31.190001,30.940001,30.202714,1331300
XL,20140401,31.34,31.40,30.889999,30.115226,2051800
XL,20140331,30.82,31.280001,30.799999,30.37769,3686900
XL,20140328,30.50,30.68,30.32,29.765276,1841400
XL,20140327,30.719999,30.719999,30.120001,29.386162,1720300
XL,20140326,30.73,30.82,30.379999,29.600022,1868600
XL,20140325,30.629999,30.790001,30.530001,29.736113,1657800
XL,20140324,30.639999,30.75,30.469999,29.619462,1555900
XL,20140321,30.709999,30.99,30.48,29.697229,3559800
XL,20140320,30.190001,30.49,30.139999,29.570858,945400
XL,20140319,30.530001,30.57,30.129999,29.444488,1315200
XL,20140318,30.33,30.549999,30.33,29.609741,1219700
XL,20140317,30.15,30.389999,30.07,29.454207,1382200
XL,20140314,29.860001,30.32,29.860001,29.133419,3104100
XL,20140313,30.43,30.540001,29.879999,29.084815,3216000
XL,20140312,30.25,30.360001,30.07,29.454207,1521000
XL,20140311,30.780001,30.809999,30.389999,29.434766,1838100
XL,20140310,30.23,30.77,30.23,29.724858,1859800
XL,20140307,30.84,30.959999,30.549999,29.68618,1899700
XL,20140306,30.469999,30.91,30.389999,29.67651,2310400
XL,20140305,30.32,30.51,30.16,29.376746,2366000
XL,20140304,30.43,30.50,30.27,29.367078,2113800
XL,20140303,29.98,30.209999,29.98,29.115664,1829700
XL,20140228,29.969999,30.43,29.969999,29.396086,2484400
XL,20140227,29.77,30.08,29.719999,28.960948,1696700
XL,20140226,29.65,29.870001,29.48,28.83524,2247900
XL,20140225,29.67,29.74,29.43,28.593496,1741900
XL,20140224,29.43,29.870001,29.370001,28.748212,1982000
XL,20140221,29.40,29.530001,29.16,28.467789,1750400
XL,20140220,29.16,29.370001,28.93,28.332411,1019400
XL,20140219,29.280001,29.549999,29.059999,28.129347,1233500
XL,20140218,29.309999,29.50,29.290001,28.438779,1405800
XL,20140214,28.809999,29.299999,28.799999,28.264723,1751200
XL,20140213,28.65,28.92,28.58,27.926281,2938600
XL,20140212,29.120001,29.15,28.85,28.042319,2452000
XL,20140211,28.98,29.40,28.879999,28.351751,1894000
XL,20140210,28.780001,29.02,28.700001,28.022979,1616900
XL,20140207,28.690001,28.90,28.42,27.916613,1721300
XL,20140206,28.110001,28.60,28.07,27.616849,2263300
XL,20140205,27.959999,28.15,27.790001,27.036663,2613100
XL,20140204,28.16,28.280001,27.93,27.133361,2023600
XL,20140203,28.74,28.75,27.92,27.075343,2449000
XL,20140131,28.83,29.059999,28.67,27.790905,1410200
XL,20140130,29.110001,29.35,28.959999,28.303403,1224500
XL,20140129,29.200001,29.379999,28.809999,27.906943,2338900
XL,20140128,28.67,29.549999,28.66,28.516137,3090200
XL,20140127,28.85,28.940001,28.43,27.665199,3373800
XL,20140124,29.450001,29.50,28.76,27.858593,4069100
XL,20140123,30.209999,30.209999,29.719999,28.767552,2707400
XL,20140122,30.25,30.389999,30.110001,29.338068,1727000
XL,20140121,30.049999,30.23,29.90,29.22203,2117300
XL,20140117,29.969999,29.969999,29.82,28.951278,2083300
XL,20140116,29.889999,30.030001,29.709999,28.989956,2133900
XL,20140115,30.18,30.25,29.940001,28.960948,2083900
XL,20140114,29.940001,30.219999,29.92,29.135002,1787000
XL,20140113,30.299999,30.41,29.83,28.87392,2169100
XL,20140110,30.43,30.559999,30.290001,29.415426,1631400
XL,20140109,30.459999,30.51,30.290001,29.396086,1807200
XL,20140108,30.370001,30.389999,30.219999,29.386416,3031500
XL,20140107,30.48,30.700001,30.190001,29.367078,2823400
XL,20140106,30.84,31.02,30.34,29.367078,3095300
XL,20140103,31.280001,31.389999,30.780001,29.792546,2512500
XL,20140102,31.709999,31.85,31.219999,30.218016,2027700
XL,20131231,31.969999,32.029999,31.790001,30.788533,1152700
XL,20131230,31.73,31.98,31.73,30.836881,997000
XL,20131227,31.74,31.82,31.59,30.643487,700100
XL,20131226,31.67,31.790001,31.620001,30.653157,715900
XL,20131224,31.33,31.559999,31.33,30.49844,389100
XL,20131223,31.290001,31.41,31.24,30.305044,1677200
XL,20131220,30.77,31.120001,30.77,30.07297,2592000
XL,20131219,30.52,30.84,30.50,29.724858,1739700
XL,20131218,30.07,30.620001,30.040001,29.579812,2576000
XL,20131217,29.90,30.209999,29.84,29.057644,2124000
XL,20131216,29.83,29.940001,29.65,28.893258,3378700
XL,20131213,30.00,30.01,29.620001,28.670854,1959400
XL,20131212,30.00,30.18,29.91,28.922268,1714700
XL,20131211,30.620001,30.67,30.00,29.047976,2814100
XL,20131210,30.889999,31.08,30.719999,29.570141,1904900
XL,20131209,30.870001,31.030001,30.870001,29.781907,1889000
XL,20131206,30.790001,30.860001,30.639999,29.599019,1642200
XL,20131205,30.52,30.690001,30.379999,29.300623,1773100
XL,20131204,30.700001,30.799999,30.41,29.522013,3276800
XL,20131203,31.059999,31.139999,30.73,29.704902,3644800
XL,20131202,30.75,31.469999,30.68,30.012924,3669400
XL,20131129,32.150002,32.290001,31.969999,30.792605,794100
XL,20131127,32.169998,32.259998,32.009998,30.898486,1207200
XL,20131126,31.549999,32.16,31.549999,30.956242,3044000
XL,20131125,31.67,31.780001,31.629999,30.474957,1322400
XL,20131122,31.299999,31.57,31.299999,30.369074,1791800
XL,20131121,31.049999,31.469999,31.02,30.128431,1245000
XL,20131120,31.389999,31.389999,30.860001,29.762656,1763700
XL,20131119,30.99,31.52,30.99,30.032176,1855400
XL,20131118,31.34,31.65,31.34,30.24394,1551200
XL,20131115,31.309999,31.43,31.209999,30.215063,1905100
XL,20131114,31.15,31.440001,31.10,30.166935,1413300
XL,20131113,30.629999,31.059999,30.629999,29.887789,2528300
XL,20131112,31.33,31.389999,30.790001,29.733778,2385500
XL,20131111,31.309999,31.450001,31.190001,30.253566,2053500
XL,20131108,30.76,31.27,30.75,30.080304,1691700
XL,20131107,30.950001,31.10,30.75,29.608645,2492600
XL,20131106,30.879999,31.00,30.75,29.676024,2648900
XL,20131105,30.50,30.780001,30.41,29.48351,1940100
XL,20131104,30.280001,30.51,30.030001,29.368002,1601100
XL,20131101,30.57,30.610001,30.18,29.185113,3456500
XL,20131031,30.190001,30.60,30.030001,29.425756,5814300
XL,20131030,31.58,31.58,31.110001,29.97442,2733200
XL,20131029,31.65,31.690001,31.50,30.369074,2586100
XL,20131028,31.60,31.65,31.440001,30.3787,3984400
XL,20131025,31.90,31.91,31.59,30.494209,926600
XL,20131024,31.75,31.959999,31.74,30.754103,1264800
XL,20131023,32.02,32.029999,31.58,30.532711,1272100
XL,20131022,31.969999,32.279999,31.969999,30.93699,1959900
XL,20131021,32.139999,32.200001,31.84,30.677098,1163100
XL,20131018,32.240002,32.259998,31.91,30.879238,1229200
XL,20131017,31.58,32.099998,31.559999,30.86961,1072300
XL,20131016,31.299999,31.790001,31.299999,30.590466,1181100
XL,20131015,31.450001,31.52,31.049999,29.916667,1192700
XL,20131014,31.120001,31.48,31.120001,30.272818,1218400
XL,20131011,31.190001,31.42,31.129999,30.128431,1809500
XL,20131010,30.940001,31.280001,30.93,30.109181,1638000
XL,20131009,30.67,30.68,30.370001,29.435382,1550400
XL,20131008,31.17,31.190001,30.59,29.454634,1391100
XL,20131007,30.99,31.42,30.24,29.945544,1291100
XL,20131004,30.889999,31.18,30.83,29.984046,928500
XL,20131003,31.16,31.209999,30.719999,29.714528,1245600
XL,20131002,30.82,31.27,30.809999,30.089929,2174400
XL,20131001,30.85,31.110001,30.799999,29.820409,1428900
XL,20130930,30.68,30.85,30.559999,29.666398,1851900
XL,20130927,30.299999,31.15,30.299999,29.839661,1361700
XL,20130926,31.01,31.09,30.790001,29.801157,1210500
XL,20130925,30.90,31.07,30.809999,29.762656,2876600
XL,20130924,31.200001,31.219999,30.84,29.704902,2273100
XL,20130923,31.23,31.450001,31.17,30.061052,1287500
XL,20130920,31.42,31.620001,31.33,30.263192,2229800
XL,20130919,31.549999,31.639999,31.299999,30.215063,2947000
XL,20130918,30.860001,31.540001,30.799999,30.349824,1998700
XL,20130917,30.790001,31.040001,30.75,29.762656,1103700
XL,20130916,30.66,30.879999,30.48,29.627896,1679100
XL,20130913,30.450001,30.629999,30.42,29.368002,1153300
XL,20130912,30.549999,30.59,30.280001,29.175488,1845500
XL,20130911,30.50,30.790001,30.48,29.435382,1730900
XL,20130910,30.43,30.59,30.360001,29.310249,1141900
XL,20130909,30.01,30.309999,29.950001,28.965309,1304600
XL,20130906,30.33,30.34,29.629999,28.687442,1183400
XL,20130905,30.309999,30.40,30.15,28.888656,1193100
XL,20130904,30.120001,30.43,30.059999,29.03238,2375800
XL,20130903,30.049999,30.24,29.889999,28.869492,2228200
XL,20130830,29.92,29.99,29.48,28.323339,2902600
XL,20130829,29.77,30.129999,29.77,28.716186,1210000
XL,20130828,30.09,30.23,29.790001,28.629951,3149000
XL,20130827,30.40,30.48,30.09,28.869492,1537900
XL,20130826,31.01,31.07,30.799999,29.511463,920800
XL,20130823,30.92,31.059999,30.82,29.626443,1029100
XL,20130822,30.459999,30.92,30.450001,29.521044,1106500
XL,20130821,30.309999,30.709999,30.16,29.147361,2539000
XL,20130820,30.200001,30.51,30.030001,29.128197,1241100
XL,20130819,30.35,30.459999,30.09,28.840749,1459600
XL,20130816,30.26,30.66,30.25,29.156943,1237400
XL,20130815,30.65,30.75,30.33,29.099453,1142200
XL,20130814,30.780001,31.049999,30.73,29.616861,2259200
XL,20130813,30.780001,31.02,30.60,29.492301,1519000
XL,20130812,30.67,30.969999,30.559999,29.444391,1047600
XL,20130809,31.01,31.110001,30.74,29.54979,1963800
XL,20130808,31.299999,31.32,30.99,29.712678,2489700
XL,20130807,31.24,31.32,30.93,29.89473,1478900
XL,20130806,31.799999,31.799999,31.27,30.057618,2518700
XL,20130805,31.84,31.969999,31.620001,30.335485,1224300
XL,20130802,31.950001,32.200001,31.84,30.613353,1448500
XL,20130801,31.67,32.110001,31.65,30.718752,1870300
XL,20130731,31.48,31.690001,31.34,30.038454,2496300
XL,20130730,31.76,32.060001,31.040001,30.095943,3192800
XL,20130729,32.080002,32.279999,32.00,30.670841,2073400
XL,20130726,31.959999,32.25,31.82,30.872058,1085100
XL,20130725,31.73,32.139999,31.610001,30.776239,1454300
XL,20130724,32.349998,32.450001,31.719999,30.469627,1951600
XL,20130723,33.07,33.119999,32.189999,30.891222,2738700
XL,20130722,32.830002,33.07,32.82,31.648169,957100
XL,20130719,32.790001,32.950001,32.639999,31.504446,1251900
XL,20130718,32.43,32.740002,32.419998,31.341556,1434300
XL,20130717,32.209999,32.490002,32.200001,30.948709,1582000
XL,20130716,32.57,32.669998,31.969999,30.795403,1818100
XL,20130715,32.09,32.43,31.91,31.044528,1878200
XL,20130712,31.459999,32.040001,31.459999,30.670841,1494700
XL,20130711,31.27,31.610001,31.00,30.220506,1613500
XL,20130710,31.25,31.35,30.85,29.645607,2413300
XL,20130709,31.200001,31.389999,31.07,30.028872,1279800
XL,20130708,30.799999,31.030001,30.75,29.674351,1457200
XL,20130705,30.48,30.65,30.290001,29.367738,1616600
XL,20130703,30.219999,30.42,30.09,28.984473,1008700
XL,20130702,30.610001,30.969999,30.34,29.20485,2277000
XL,20130701,30.48,30.91,30.48,29.338995,1989100
XL,20130628,30.35,30.620001,30.18,29.051544,2641900
XL,20130627,30.299999,30.75,30.290001,29.166525,2096800
XL,20130626,30.00,30.24,29.940001,28.85033,1784100
XL,20130625,29.549999,29.950001,29.440001,28.514973,2636400
XL,20130624,29.190001,29.51,28.879999,28.09338,3175500
XL,20130621,30.23,30.27,29.379999,28.323339,4616700
XL,20130620,30.57,30.719999,29.879999,28.725768,2846600
XL,20130619,31.620001,31.65,30.82,29.530626,1931000
XL,20130618,31.219999,31.700001,31.15,30.36423,1078400
XL,20130617,31.23,31.370001,30.90,29.827657,1503200
XL,20130614,31.190001,31.360001,30.940001,29.760586,1737700
XL,20130613,30.809999,31.360001,30.57,29.990545,1813300
XL,20130612,30.82,31.23,30.66,29.54979,1951200
XL,20130611,31.309999,31.360001,30.809999,29.43481,2074300
XL,20130610,31.379999,31.57,31.23,30.083406,1541400
XL,20130607,31.219999,31.459999,31.049999,29.864027,2239900
XL,20130606,30.73,31.049999,30.57,29.616034,1748800
XL,20130605,31.200001,31.32,30.75,29.37758,2120200
XL,20130604,31.219999,31.57,31.049999,29.921257,3106200
XL,20130603,31.530001,31.57,30.76,29.835414,2676100
XL,20130531,31.91,32.029999,31.42,29.978486,1587500
XL,20130530,31.84,32.09,31.709999,30.512623,1972000
XL,20130529,31.58,31.77,31.309999,30.26463,2266200
XL,20130528,31.83,31.99,31.530001,30.312322,1807300
XL,20130524,31.41,31.60,31.26,30.045253,1712100
XL,20130523,31.690001,31.940001,31.549999,30.159712,2295100
XL,20130522,32.00,32.34,31.84,30.503085,4308500
XL,20130521,32.259998,32.389999,31.82,30.569852,2079400
XL,20130520,32.450001,32.459999,32.139999,30.779693,2020600
XL,20130517,32.669998,32.77,32.41,30.95138,2299200
XL,20130516,32.720001,32.810001,32.470001,31.151681,1867600
XL,20130515,32.689999,32.830002,32.43,31.189834,1668500
XL,20130514,32.07,32.77,32.00,31.199371,4254300
XL,20130513,31.92,32.110001,31.84,30.588928,2303200
XL,20130510,31.92,32.009998,31.690001,30.455395,1520700
XL,20130509,31.93,32.139999,31.860001,30.512623,2280800
XL,20130508,32.07,32.150002,31.860001,30.445856,3821700
XL,20130507,32.200001,32.330002,32.040001,30.617542,3289200
XL,20130506,32.25,32.279999,31.969999,30.646159,3609500
XL,20130503,31.379999,32.959999,31.379999,30.741539,9451600
XL,20130502,30.950001,31.25,30.700001,29.37758,3260600
XL,20130501,31.139999,31.34,30.799999,29.463423,2217400
XL,20130430,31.09,31.60,31.07,29.701878,2815000
XL,20130429,31.200001,31.309999,31.10,29.701878,1100400
XL,20130426,31.459999,31.530001,31.15,29.711416,1203800
XL,20130425,31.66,31.74,31.43,30.054791,1100500
XL,20130424,31.16,31.700001,31.110001,30.159712,1732700
XL,20130423,30.82,31.110001,30.77,29.663726,1631100
XL,20130422,30.52,30.620001,30.280001,29.12005,1015100
XL,20130419,30.219999,30.459999,30.129999,29.034207,1624800
XL,20130418,30.780001,30.85,29.93,28.643142,3414200
XL,20130417,30.98,30.98,30.639999,29.368043,1953200
XL,20130416,30.67,31.15,30.49,29.711416,1804700
XL,20130415,31.17,31.200001,30.41,29.005591,2365700
XL,20130412,31.459999,31.57,31.18,29.844952,1609600
XL,20130411,31.40,31.629999,31.33,30.140635,1430300
XL,20130410,31.200001,31.33,30.959999,29.873565,1981400
XL,20130409,31.10,31.26,30.870001,29.654188,1693800
XL,20130408,30.709999,31.040001,30.65,29.587421,1845600
XL,20130405,30.27,30.82,30.049999,29.348966,2151800
XL,20130404,30.559999,30.709999,30.379999,29.16774,2663000
XL,20130403,30.860001,30.959999,30.450001,29.148664,3136500
XL,20130402,30.440001,30.91,30.40,29.387118,2047300
XL,20130401,30.35,30.540001,30.139999,28.852981,1623900
XL,20130328,30.360001,30.41,30.17,28.900671,2590000
XL,20130327,30.059999,30.35,30.040001,28.900671,1117400
XL,20130326,30.42,30.450001,30.17,28.852981,1775500
XL,20130325,30.42,30.610001,30.15,28.900671,1536600
XL,20130322,30.290001,30.379999,30.120001,28.852981,1677000
XL,20130321,30.040001,30.42,30.02,28.805291,1957700
XL,20130320,30.25,30.41,30.129999,28.824366,3162100
XL,20130319,30.40,30.450001,30.02,28.728985,1946700
XL,20130318,29.98,30.42,29.969999,28.881596,2010000
XL,20130315,30.26,30.48,30.16,28.996053,2915100
XL,20130314,30.190001,30.41,30.120001,28.96744,2781000
XL,20130313,29.74,30.110001,29.60,28.614526,2448800
XL,20130312,29.76,29.93,29.719999,28.385609,1937400
XL,20130311,29.59,29.76,29.559999,28.224219,3061900
XL,20130308,29.65,29.82,29.459999,28.157765,2402500
XL,20130307,29.51,29.690001,29.40,28.03435,2052300
XL,20130306,29.57,29.66,29.41,27.977388,2126400
XL,20130305,29.209999,29.60,29.190001,27.977388,1621100
XL,20130304,28.83,29.059999,28.690001,27.569168,1851400
XL,20130301,28.50,28.91,28.23,27.36031,3228700
XL,20130228,28.77,28.93,28.639999,27.189426,2275200
XL,20130227,28.42,28.879999,28.280001,27.303349,3011900
XL,20130226,28.309999,28.50,28.07,26.980569,3095600
XL,20130225,29.129999,29.23,28.200001,26.771713,2141500
XL,20130222,28.65,29.049999,28.65,27.521699,2244000
XL,20130221,28.440001,28.49,28.290001,27.018543,2540500
XL,20130220,28.77,28.870001,28.49,27.084999,2303000
XL,20130219,28.709999,28.91,28.59,27.341322,2803500
XL,20130215,28.35,28.75,28.299999,27.217907,3634600
XL,20130214,28.389999,28.49,28.16,26.790698,3246500
XL,20130213,28.379999,28.629999,28.35,26.980569,1537600
XL,20130212,28.27,28.610001,28.120001,26.971076,2320700
XL,20130211,28.25,28.540001,28.24,26.87614,2629700
XL,20130208,28.030001,28.74,28.02,26.809686,5390800
XL,20130207,27.879999,27.969999,27.40,26.429946,2344200
XL,20130206,27.42,27.76,27.360001,26.316023,1790500
XL,20130205,27.469999,27.67,27.43,26.154633,2619800
XL,20130204,27.91,27.940001,27.42,26.069191,2478600
XL,20130201,27.860001,28.17,27.65,26.648296,1674000
XL,20130131,27.709999,27.809999,27.559999,26.316023,1717900
XL,20130130,27.65,27.90,27.52,26.306529,2075800
XL,20130129,27.41,27.74,27.27,26.325516,2086900
XL,20130128,27.809999,27.809999,27.370001,26.021724,2030300
XL,20130125,27.690001,27.790001,27.440001,26.382479,2251300
XL,20130124,27.610001,27.76,27.49,26.145141,1655700
XL,20130123,27.41,27.610001,27.129999,26.211595,2352000
XL,20130122,27.24,27.65,27.24,26.088178,2713200
XL,20130118,27.110001,27.25,27.030001,25.841347,2256100
XL,20130117,26.879999,27.110001,26.719999,25.622996,2233900
XL,20130116,26.809999,26.889999,26.67,25.41414,1614700
XL,20130115,26.309999,26.860001,26.26,25.490088,2729800
XL,20130114,26.57,26.610001,26.25,25.100854,3080200
XL,20130111,26.58,26.65,26.43,25.25275,1263000
XL,20130110,26.610001,26.75,26.32,25.214775,2685600
XL,20130109,25.92,26.530001,25.860001,25.100854,2969500
XL,20130108,25.93,25.940001,25.77,24.540736,2504800
XL,20130107,25.860001,26.120001,25.77,24.654658,1594800
XL,20130104,25.469999,26.030001,25.42,24.692632,2302400
XL,20130103,25.379999,25.59,25.299999,24.09454,3906300
XL,20130102,25.52,25.780001,25.200001,24.047073,3494800
